100
42 68 35 1 70 25 79 59 63 65 6 46 82 28 62 92 96 43 28 37 92 5 3 54 93 83 22 17 19 96 48 27 72 39 70 13 68 100 36 95 4 12 23 34 74 65 42 12 54 69 48 45 63 58 38 60 24 42 30 79 17 36 91 43 89 7 41 43 65 49 47 6 91 30 71 51 7 2 94 49 30 24 85 55 57 41 67 77 32 9 45 40 27 24 38 39 19 83 30 42 
+ 16 40
L 1
- 61
- 62
- 85
+ 24 74
- 17
+ 12 68
L 9
L 30
+ 44 67
+ 8 92
- 103
L 4
+ 10 10
L 9
- 37
- 99
- 19
- 50
L 38
- 80
+ 52 96
+ 14 51
+ 65 21
- 92
+ 54 100
- 109
- 49
+ 80 29
+ 42 8
- 87
- 78
- 86
- 8
L 6
- 63
- 65
- 21
- 94
- 60
+ 14 88
- 12
+ 1 59
- 75
- 26
- 71
+ 68 91
L 8
- 4
L 3
+ 73 56
+ 41 63
+ 80 43
+ 52 82
- 88
- 107
L 2
- 102
- 95
- 32
L 3
+ 82 58
+ 45 70
L 6
+ 55 93
+ 26 35
+ 71 13
+ 29 19
L 4
+ 44 38
+ 6 96
- 93
- 105
L 7
- 98
- 115
- 14
+ 66 14
L 2
+ 46 82
+ 13 23
+ 23 36
L 9
+ 40 93
+ 59 25
L 15
+ 35 14
- 25
- 28
- 3
- 127
- 97
+ 23 73
L 9
- 89
L 9
L 5
L 4
L 3